15697
27921
2996
21556
9547
17570
30376
94
8431
13287
10245
21988
20528
6462
24231
14760
18996
31069
29786
24603
24430
4242
6786
30854
11515
12590
26752
12205
3638
22198
29027
6895
19994
23158
8217
8391
19563
11558
11874
30660
25645
1792
1129
29447
5200
28074
18322
20301
10097
12650
29292
26702
18612
19012
16535
635
3189
938
2184
31939
18070
19597
32742
17575
29547
27070
23437
30266
32639
19503
27911
32202
17308
6597
26623
23526
1704
6560
25610
29901
18231
12651
23429
13338
10748
12367
16273
27106
25475
6792
30645
17350
23840
19616
22160
14152
12889
17125
21416
3769
29555
4407
5146
18998
29602
7612
5813
6665
19648
17116
12188
31817
10841
6504
13278
7756
18934
12934
14519
4373
19042
2461
17075
4278
26561
16951
9856
27176
6991
19687
32716
13884
27003
29208
18329
4573
22745
11640
12492
20928
19243
26237
26130
26982
10068
30482
2683
25638
5340
25734
