128959393
1692901013
436085873
748533630
776550279
289134331
807385195
556889022
95168426
1888844001
1353699824
809912668
686611921
1777811291
912905316
1045033381
1698004709
2051427207
1532780646
755994993
1808052926
778205365
822530699
168547991
373798976
1890856878
469573116
2080335148
1702214255
7523372
381141485
1831173648
1700424385
817227358
432223631
329491017
1106361689
1239608826
886380039
1201530116
980969180
92596215
2011442784
1667581101
1870407507
776864452
565130834
1420928568
680808011
2097911480
