
9981
27367
17460
3761
12827
29729
7398
3593
9680
17243
11085
10097
7011
20439
27060
32306
14902
25040
20595
664
32001
32719
5034
20138
22180
31178
24088
9068
14484
21211
21375
22452
8275
21985
18316
23063
22100
20784
29243
8469
9241
15166
13236
15632
10154
24387
19202
5957
24208
30901
28609
4957
23575
16823
30521
7254
31616
16900
17696
25770
8979
27792
7974
20215
2552
15621
20090
29962
16200
19181
19586
13996
9342
7842
19099
9608
9937
3991
20095
20145
974
4408
10549
12098
17198
13749
23168
12009
28530
29872
32750
7729
23645
14095
565
13447
22663
12744
26836
29233
18147
7685
31022
31701
5674
26612
29759
32652
3013
21876
3480
4855
20142
14936
7459
10277
17512
12110
20724
26197
9096
31686
16278
26678
209
14276
26407
20157
1737
6381
8034
476
19135
1209
26483
26180
17569
25580
26225
10119
20433
17737
24023
1166
10204
177
3433
15736
25217
24747
