-79
109
-4
-93
-58
7
-88
-15
8
-122
-128
58
-47
90
-55
-81
91
54
-83
-82
-2
-5
19
21
-101
99
-32
23
-128
7
95
-35
55
-110
88
-118
-21
87
29
-125
75
65
-96
111
-83
117
23
-125
98
83
45
126
101
-14
-66
30
-108
126
-98
-123
119
31
27
-61
-82
107
109
-79
36
-65
62
-61
-54
-101
-78
123
63
-52
70
-45
74
105
-39
120
96
-13
-105
-4
-54
-94
-86
-114
118
-37
-36
-77
19
52
75
45
-42
-41
-113
-63
67
-94
14
51
81
-54
-59
79
-85
-119
-6
95
-9
-54
100
-23
-95
-94
11
-123
-54
64
-31
82
12
53
-24
-80
76
-45
82
-115
-43
62
-46
127
15
27
89
-115
26
73
65
-80
96
-119
116