   -7
  -12
  -20
 -122
 -119
   34
  -99
   32
   -5
  -64
    8
   16
  -79
  -44
 -109
  -94
   55
  -86
   -5
 -125
  -57
   44
  -81
   71
   50
  -31
  -70
  -16
   33
   13
   86
  -11
  -45
  103
  -80
   43
  -92
  116
  -70
  -75
  -83
  -64
  -17
  -12
 -112
  -81
   -1
   -4
 -126
   -2
   90
  -75
  -23
   39
  -96
  -68
 -111
   80
  -76
  -78
   39
   11
 -102
  121
  120
 -122
   57
 -116
    2
   78
  -57
 -112
 -119
   44
 -112
   90
  112
   12
   22
 -115
    6
   84
  -36
  -67
  -62
  -18
  -61
   -8
  -21
  -19
  -14
   39
   -6
  -74
   27
    9
 -117
   77
    3
  -19
  -84
   98
  -11
   29
  104
  -17
   76
    6
   29
   80
  103
   16
  -20
  -14
   75
  -56
  -75
  -82
   98
   43
  -77
  125
  -23
  -94
  -39
   32
  -19
   68
  120
   50
  -87
 -104
   -2
 -114
   70
   31
    3
   29
  -35
   61
   49
   98
 -105
   62
   78
  103
  -97
   23
  -32
   73
